FILA1           X     0     0     0     0     0     0     0     0     0     0     0     0     0


FILA2           0     0     0     0     0     0     0     0     0     0     0     0     0     0


FILA3           0     0     0     0     0     0     0     0     0     0     0     0     0     0


FILA4           0     0     0     0     0     0     0     0     0     0     0     0     0     0


FILA5           0     0     0     0     0     0     0     0     X     X     0     0     0     0


FILA6           0     0     0     0     0     0     0     0     0     0     0     0     0     0


FILA7           0     0     0     0     0     0     0     0     0     0     0     0     0     0


FILA8           0     0     0     X     X     X     X     0     0     0     0     0     0     0


FILA9           0     0     0     0     0     0     0     0     0     0     0     0     0     0


POSTO           1     2     3     4     5     6     7     8     9    10    11    12     13    14
